{"leftThumbIntermediateTipModelTransform":[[0.8635804057121277,0.4940904676914215,0.10051002353429794,0],[-0.2982814311981201,0.6613432765007019,-0.6882237792015076,0],[-0.4065166711807251,0.5643566250801086,0.7185014486312866,0],[-0.0640297532081604,1.0542552471160889,-0.1105349138379097,1]],"leftIndexFingerIntermediateBaseModelTransform":[[0.7374227046966553,0.6606547236442566,-0.1405065804719925,0],[0.5715633034706116,-0.7212134003639221,-0.39136433601379395,0],[-0.3598920702934265,0.2082926332950592,-0.9094454050064087,0],[-0.09577956050634384,1.1104024648666382,-0.09043800830841064,1]],"leftIndexFingerKnuckleModelTransform":[[0.6094211339950562,0.7905654311180115,-0.06009913235902786,0],[0.7064582705497742,-0.5758647322654724,-0.4114563763141632,0],[-0.3598921298980713,0.2082926481962204,-0.9094454646110535,0],[-0.12241263687610626,1.0758529901504517,-0.08781160414218903,1]],"rightIndexFingerIntermediateBaseModelTransform":[[0.995960533618927,0.05271199345588684,0.07268659770488739,0],[-0.08163739740848541,0.8686390519142151,0.4886723458766937,0],[-0.03737954422831535,-0.49263250827789307,0.8694338798522949,0],[0.2070464789867401,1.1102726459503174,0.026043128222227097,1]],"rightWristModelTransform":[[-0.2098938673734665,-0.8216760754585266,-0.5298993587493896,0],[0.9721243977546692,-0.11746057122945786,-0.2029222548007965,0],[0.10449406504631042,-0.5577201247215271,0.8234254717826843,0],[0.21108362078666687,1.0166735649108887,-0.059988874942064285,1]],"leftRingFingerIntermediateTipModelTransform":[[0.7496033906936646,0.648204505443573,-0.13387973606586456,0],[0.5704925060272217,-0.7353029251098633,-0.3658770024776459,0],[-0.3356056213378906,0.1978854537010193,-0.9209822416305542,0],[-0.09135459363460541,1.1388075351715088,-0.13204975426197052,1]],"headPoseTransform":[[0.9991629123687744,-0.04027723893523216,0.007163901813328266,0],[0.03982269763946533,0.9976867437362671,0.05509636178612709,0],[-0.009366457350552082,-0.054764945060014725,0.9984554052352905,0],[0.023481428623199463,1.1050987243652344,0.011265359818935394,1]],"rightThumbIntermediateBaseModelTransform":[[0.17238429188728333,-0.7984589338302612,-0.5768415331840515,0],[-0.32110369205474854,-0.5991705060005188,0.7334074378013611,0],[-0.9312224388122559,0.05879804119467735,-0.3596758246421814,0],[0.18550729751586914,1.0567412376403809,-0.014039915055036545,1]],"rightIndexFingerIntermediateTipModelTransform":[[0.861849308013916,0.4244682192802429,0.27756267786026,0],[-0.5057836174964905,0.7596964240074158,0.40870869159698486,0],[-0.037379536777734756,-0.49263232946395874,0.8694336414337158,0],[0.18824701011180878,1.113361120223999,0.01636650785803795,1]],"leftRingFingerTipModelTransform":[[0.7496036291122437,0.6482045650482178,-0.13387975096702576,0],[0.5830737948417664,-0.7424216866493225,-0.32989954948425293,0],[-0.3132378160953522,0.16923223435878754,-0.9344737529754639,0],[-0.0745149478316307,1.1536303758621216,-0.1341511756181717,1]],"rightThumbIntermediateTipModelTransform":[[0.1130140870809555,-0.8916629552841187,-0.43836501240730286,0],[-0.3464847803115845,-0.4488639831542969,0.8236919045448303,0],[-0.9312223792076111,0.05879804491996765,-0.359675794839859,0],[0.18196739256381989,1.0803003311157227,0.024708401411771774,1]],"rightMiddleFingerTipModelTransform":[[0.481138676404953,0.7934778928756714,0.37268680334091187,0],[-0.8740023374557495,0.4012112617492676,0.2741284966468811,0],[0.06798887997865677,-0.457623690366745,0.8865412473678589,0],[0.1701311618089676,1.0936232805252075,-0.020507611334323883,1]],"leftWristModelTransform":[[0.29675886034965515,0.9397754073143005,0.16957761347293854,0],[0.9119902849197388,-0.22623980045318604,-0.34218302369117737,0],[-0.2832099199295044,0.2561989426612854,-0.9242045879364014,0],[-0.15731817483901978,0.9955382943153381,-0.1275898516178131,1]],"leftThumbTipModelTransform":[[0.8635804057121277,0.4940904676914215,0.10051002353429794,0],[-0.2982814311981201,0.6613432765007019,-0.6882237792015076,0],[-0.4065166711807251,0.5643566250801086,0.7185014486312866,0],[-0.03850916028022766,1.0688536167144775,-0.1075378805398941,1]],"rightLittleFingerMetacarpalModelTransform":[[-0.14266233146190643,-0.9370011687278748,-0.31886640191078186,0],[0.9712852835655212,-0.07056083530187607,-0.22721190750598907,0],[0.1903984099626541,-0.34212496876716614,0.9201621413230896,0],[0.21140137314796448,1.0476231575012207,-0.06681618094444275,1]],"leftIndexFingerMetacarpalModelTransform":[[0.33662518858909607,0.8900758624076843,0.30732446908950806,0],[0.9118798971176147,-0.22673441469669342,-0.34214964509010315,0],[-0.23485808074474335,0.3954191505908966,-0.8879667520523071,0],[-0.14623647928237915,1.01285982131958,-0.10956177860498428,1]],"rightRingFingerKnuckleModelTransform":[[0.6681829690933228,-0.5605137944221497,-0.4892384111881256,0],[0.7242016196250916,0.6406798362731934,0.25506851077079773,0],[0.17047590017318726,-0.5247400999069214,0.8340170383453369,0],[0.22729231417179108,1.1002743244171143,-0.033369749784469604,1]],"rightIndexFingerKnuckleModelTransform":[[0.49511370062828064,-0.764875054359436,-0.41210177540779114,0],[0.8680233359336853,0.41506460309028625,0.27249982953071594,0],[-0.03737950697541237,-0.49263253808021545,0.8694338798522949,0],[0.22616064548492432,1.075204849243164,0.00783543661236763,1]],"rightRingFingerIntermediateBaseModelTransform":[[0.8578162789344788,0.497575581073761,0.12871502339839935,0],[-0.47977232933044434,0.6854386329650879,0.5477136969566345,0],[0.1843029111623764,-0.5315921902656555,0.8267042636871338,0],[0.2026558667421341,1.1239490509033203,-0.02242174744606018,1]],"rightThumbTipModelTransform":[[0.1130140870809555,-0.8916629552841187,-0.43836501240730286,0],[-0.3464847803115845,-0.4488639831542969,0.8236919045448303,0],[-0.9312223792076111,0.05879804491996765,-0.359675794839859,0],[0.18265357613563538,1.107987642288208,0.027373339980840683,1]],"leftMiddleFingerTipModelTransform":[[0.7865602374076843,0.6007159352302551,-0.14304114878177643,0],[0.557209849357605,-0.7902858853340149,-0.25487878918647766,0],[-0.2661534547805786,0.12077374011278152,-0.9563334584236145,0],[-0.05956488102674484,1.1530081033706665,-0.11637803167104721,1]],"leftLittleFingerKnuckleModelTransform":[[0.4150722622871399,0.9097703099250793,-0.0056647006422281265,0],[0.8581420183181763,-0.39357027411460876,-0.3296872675418854,0],[-0.30216923356056213,0.1319829821586609,-0.9440725445747375,0],[-0.1395878940820694,1.0779610872268677,-0.14635099470615387,1]],"rightLittleFingerIntermediateBaseModelTransform":[[0.8576338291168213,0.5109877586364746,-0.057913970202207565,0],[-0.4018813669681549,0.7362221479415894,0.5444877743721008,0],[0.32086437940597534,-0.4436969757080078,0.8367661833763123,0],[0.20142897963523865,1.117973804473877,-0.047142207622528076,1]],"leftMiddleFingerMetacarpalModelTransform":[[0.2746770977973938,0.9468156099319458,0.16760678589344025,0],[0.9180121421813965,-0.2063787281513214,-0.3386158049106598,0],[-0.2860163152217865,0.24687515199184418,-0.9258760809898376,0],[-0.1490202695131302,1.0174118280410767,-0.11999069154262543,1]],"leftMiddleFingerIntermediateBaseModelTransform":[[0.7886029481887817,0.5995404124259949,-0.13658402860164642,0],[0.5569282174110413,-0.7905628681182861,-0.25463590025901794,0],[-0.26064297556877136,0.12473922967910767,-0.9573420286178589,0],[-0.10112690925598145,1.121274709701538,-0.10946187376976013,1]],"rightRingFingerTipModelTransform":[[0.40441977977752686,0.8080205917358398,0.42842140793800354,0],[-0.9021363258361816,0.27545785903930664,0.33207055926322937,0],[0.1503080278635025,-0.5207911133766174,0.8403463363647461,0],[0.16878485679626465,1.0912349224090576,-0.02941172383725643,1]],"rightThumbKnuckleModelTransform":[[0.3296883702278137,-0.538142204284668,-0.7756984829902649,0],[-0.23959310352802277,-0.842429518699646,0.4826048016548157,0],[-0.9131814241409302,0.02674282155930996,-0.40667444467544556,0],[0.202998548746109,1.0291810035705566,-0.05588498339056969,1]],"rightRingFingerMetacarpalModelTransform":[[-0.19260883331298828,-0.8980020880699158,-0.3955927789211273,0],[0.9659626483917236,-0.10257162153720856,-0.23747500777244568,0],[0.17267653346061707,-0.4278677701950073,0.8871930837631226,0],[0.21402890980243683,1.0412087440490723,-0.05459582433104515,1]],"leftForearmWristModelTransform":[[-0.6365419626235962,-0.7708759307861328,0.02376001887023449,0],[0.7069026231765747,-0.5954813361167908,-0.3816942274570465,0],[0.30838754773139954,-0.22616834938526154,0.9239830374717712,0],[-0.15731815993785858,0.9955382943153381,-0.1275898665189743,1]],"leftForearmArmModelTransform":[[-0.6365419626235962,-0.7708759307861328,0.02376001887023449,0],[0.7069026231765747,-0.5954813361167908,-0.3816942274570465,0],[0.30838754773139954,-0.22616834938526154,0.9239830374717712,0],[-0.3134593665599823,0.8063036203384399,-0.12114307284355164,1]],"leftThumbIntermediateBaseModelTransform":[[0.7573429942131042,0.6480342149734497,-0.08051443845033646,0],[-0.5110527873039246,0.5114220380783081,-0.690848708152771,0],[-0.4065169095993042,0.5643567442893982,0.7185018658638,0],[-0.08847998082637787,1.0333366394042969,-0.10797078907489777,1]],"leftRingFingerKnuckleModelTransform":[[0.5212288498878479,0.8530271649360657,-0.025780610740184784,0],[0.779227614402771,-0.4880196154117584,-0.3932435214519501,0],[-0.34802889823913574,0.18488095700740814,-0.9190723299980164,0],[-0.13401192426681519,1.0841562747955322,-0.12819835543632507,1]],"leftIndexFingerIntermediateTipModelTransform":[[0.7357526421546936,0.662755012512207,-0.1393645852804184,0],[0.5737111568450928,-0.719283401966095,-0.3917723000049591,0],[-0.3598918914794922,0.20829258859157562,-0.9094451069831848,0],[-0.07764283567667007,1.1266510486602783,-0.09389372169971466,1]],"leftLittleFingerIntermediateTipModelTransform":[[0.6769765019416809,0.726955235004425,-0.11505022644996643,0],[0.6711142063140869,-0.6738799810409546,-0.30901309847831726,0],[-0.30216899514198303,0.13198289275169373,-0.9440718293190002,0],[-0.11262258142232895,1.12436044216156,-0.14759284257888794,1]],"leftRingFingerMetacarpalModelTransform":[[0.2574167847633362,0.965182363986969,0.046468961983919144,0],[0.9118936061859131,-0.22673341631889343,-0.3421134054660797,0],[-0.3196657598018646,0.13044050335884094,-0.9385086297988892,0],[-0.15106919407844543,1.0202033519744873,-0.1312698870897293,1]],"leftLittleFingerIntermediateBaseModelTransform":[[0.6509369611740112,0.7520827651023865,-0.10320285707712173,0],[0.6964001655578613,-0.6457169651985168,-0.31316906213760376,0],[-0.3021690845489502,0.1319829225540161,-0.9440722465515137,0],[-0.1252916157245636,1.109519600868225,-0.14616641402244568,1]],"leftMiddleFingerKnuckleModelTransform":[[0.5915957093238831,0.8060837984085083,-0.015556682832539082,0],[0.7718064188957214,-0.5718066096305847,-0.27812013030052185,0],[-0.23308368027210236,0.15252803266048431,-0.9604195356369019,0],[-0.13049966096878052,1.0812525749206543,-0.10868951678276062,1]],"rightLittleFingerKnuckleModelTransform":[[0.6777224540710449,-0.5095994472503662,-0.5300940275192261,0],[0.6616171002388,0.7371839284896851,0.13719119131565094,0],[0.3208644390106201,-0.44369709491729736,0.8367663025856018,0],[0.22406430542469025,1.1009600162506104,-0.06099846586585045,1]],"rightLittleFingerIntermediateTipModelTransform":[[0.3492448031902313,0.876649796962738,0.33092474937438965,0],[-0.88038170337677,0.18605437874794006,0.4362449049949646,0],[0.32086437940597534,-0.44369691610336304,0.8367659449577332,0],[0.18476958572864532,1.1079227924346924,-0.04472789913415909,1]],"leftThumbKnuckleModelTransform":[[0.8887307643890381,0.45405763387680054,0.06315746903419495,0],[-0.2911164164543152,0.6654144525527954,-0.6873676180839539,0],[-0.3541305363178253,0.592498779296875,0.7235581278800964,0],[-0.13665638864040375,1.0087230205535889,-0.11139436811208725,1]],"rightIndexFingerMetacarpalModelTransform":[[-0.20720520615577698,-0.7266638875007629,-0.6550003290176392,0],[0.9775640368461609,-0.127874493598938,-0.16738097369670868,0],[0.037871915847063065,-0.6749870181083679,0.7368568778038025,0],[0.2130173146724701,1.0297788381576538,-0.056714992970228195,1]],"leftLittleFingerTipModelTransform":[[0.6769765019416809,0.726955235004425,-0.11505022644996643,0],[0.6711142063140869,-0.6738799810409546,-0.30901309847831726,0],[-0.30216899514198303,0.13198289275169373,-0.9440718293190002,0],[-0.09898844361305237,1.1393132209777832,-0.14912138879299164,1]],"rightForearmWristModelTransform":[[-0.4258987009525299,0.8416461944580078,0.3320266008377075,0],[0.9047682285308838,0.39704495668411255,0.15410886704921722,0],[-0.002124365419149399,0.36604195833206177,-0.9305958151817322,0],[0.21108363568782806,1.0166735649108887,-0.059988878667354584,1]],"rightLittleFingerTipModelTransform":[[0.3492448031902313,0.876649796962738,0.33092474937438965,0],[-0.88038170337677,0.18605437874794006,0.4362449049949646,0],[0.32086437940597534,-0.44369691610336304,0.8367659449577332,0],[0.17633110284805298,1.0897302627563477,-0.046962007880210876,1]],"rightMiddleFingerKnuckleModelTransform":[[0.6298762559890747,-0.6479518413543701,-0.42826706171035767,0],[0.7697771787643433,0.5942163467407227,0.23312745988368988,0],[0.10342800617218018,-0.4765121042728424,0.8730621933937073,0],[0.230723574757576,1.0882900953292847,-0.01024048775434494,1]],"rightRingFingerIntermediateTipModelTransform":[[0.4044199585914612,0.8080204725265503,0.4284212291240692,0],[-0.8956310153007507,0.25506213307380676,0.36439746618270874,0],[0.18516689538955688,-0.5310778021812439,0.8268417119979858,0],[0.1788899302482605,1.1097350120544434,-0.023383941501379013,1]],"rightMiddleFingerIntermediateBaseModelTransform":[[0.9075791835784912,0.3995945453643799,0.12892557680606842,0],[-0.4132809042930603,0.7959474921226501,0.44233953952789307,0],[0.0741385743021965,-0.4547412097454071,0.8875312805175781,0],[0.2063596397638321,1.1226766109466553,-0.0020222514867782593,1]],"leftRingFingerIntermediateBaseModelTransform":[[0.742768406867981,0.6566724181175232,-0.13067148625850677,0],[0.5789221525192261,-0.7279291152954102,-0.36737868189811707,0],[-0.3363671898841858,0.1972287893295288,-0.9208454489707947,0],[-0.11175598949193954,1.120626449584961,-0.12914370000362396,1]],"rightMiddleFingerMetacarpalModelTransform":[[-0.24741075932979584,-0.8170662522315979,-0.5207586288452148,0],[0.962846577167511,-0.1472966969013214,-0.2263379544019699,0],[0.10822717100381851,-0.5574094653129578,0.8231528401374817,0],[0.21614161133766174,1.0346899032592773,-0.04523025453090668,1]],"leftIndexFingerTipModelTransform":[[0.735752522945404,0.662755012512207,-0.1393645703792572,0],[0.573711097240448,-0.7192832231521606,-0.3917725384235382,0],[-0.3598920702934265,0.20829278230667114,-0.90944504737854,0],[-0.06109105050563812,1.141560673713684,-0.09702898561954498,1]],"rightMiddleFingerIntermediateTipModelTransform":[[0.481138676404953,0.7934778928756714,0.37268680334091187,0],[-0.8740023374557495,0.4012112617492676,0.2741284966468811,0],[0.06798887997865677,-0.457623690366745,0.8865412473678589,0],[0.18145622313022614,1.1114956140518188,-0.010920573025941849,1]],"leftMiddleFingerIntermediateTipModelTransform":[[0.7865602374076843,0.6007159352302551,-0.14304114878177643,0],[0.557209849357605,-0.7902858853340149,-0.25487878918647766,0],[-0.2661534547805786,0.12077374011278152,-0.9563334584236145,0],[-0.07785652577877045,1.1389720439910889,-0.1134425550699234,1]],"rightForearmArmModelTransform":[[-0.4258987009525299,0.8416461944580078,0.3320266008377075,0],[0.9047682285308838,0.39704495668411255,0.15410886704921722,0],[-0.002124365419149399,0.36604195833206177,-0.9305958151817322,0],[0.31378138065338135,0.8187020421028137,-0.16134721040725708,1]],"leftLittleFingerMetacarpalModelTransform":[[0.2510388195514679,0.9671608805656433,-0.039735257625579834,0],[0.9068840742111206,-0.249348983168602,-0.33968502283096313,0],[-0.3384380340576172,0.04923885688185692,-0.939699113368988,0],[-0.15397930145263672,1.0224614143371582,-0.14404748380184174,1]],"rightIndexFingerTipModelTransform":[[0.8618493676185608,0.4244682192802429,0.2775626480579376,0],[-0.5057836174964905,0.7596963047981262,0.4087089002132416,0],[-0.0373794324696064,-0.4926324784755707,0.869433581829071,0],[0.17173123359680176,1.1059846878051758,0.002767067402601242,1]]}